"","N_t","N_pers","pre_slope","step","slope","bias_pre_slope","bias_step","bias_slope"
"1",6,100,1,0.24,0.76,0.17011329216392,-1.65057867528857,-3.566439755219
"2",6,300,1,0.68,1,-0.0304430751483084,0.883547412213637,-2.70706631789215
"3",6,500,1,1,1,-0.143086570352836,4.80241714566824,-0.0249220321836635
"4",6,600,1,1,1,0.110008647794513,4.1427876654191,-4.0357175269612
"5",10,100,1,0.4,1,0.472001833720683,-3.60115480948566,-1.67841570150512
"6",10,300,1,0.88,1,0.072653746406401,-3.55591282930503,0.740934720234328
"7",10,500,1,1,1,0.493865205267896,-3.10586829032383,-2.60714507380697
"8",10,600,1,1,1,0.0399823976291894,-0.483489519828245,1.01307523280494
"9",14,100,1,0.56,1,-0.173411931321071,0.453532355439725,0.651597648063845
"10",14,300,1,0.96,1,-0.373036107194506,0.139851450153874,3.18961250710333
"11",14,500,1,1,1,-0.0193416558852496,1.30643253372487,-0.242630407644588
"12",14,600,1,1,1,0.0868230824727753,-0.361478492325999,-1.03027655774278
"13",18,100,1,0.64,1,0.223166658216295,1.25910626969606,-1.88223460261981
"14",18,300,1,1,1,0.0115311048054994,-0.499093526805297,0.10979467127715
"15",18,500,1,1,1,-0.157946002028612,2.37060219328866,0.72938320537168
"16",18,600,1,1,1,-0.0334127336805862,0.747456551523885,0.562951411264302
