"","effect_sizes","N_t","N_pers","pre_slope","step","slope","bias_pre_slope","bias_step","bias_slope","Precision_pre_slope","Precision_step","Precision_slope"
"1",0.01,6,100,1,0.04,0.04,6.94186883262525,178.601963399989,NA,0.210643533691653,2.59561026806599,NA
"2",0.01,6,300,1,0.24,0.04,4.34935953330789,115.783302170597,NA,0.107935495595134,1.31375761793607,NA
"3",0.01,6,500,1,0.2,0.12,2.74285095194385,61.5486978723161,NA,0.0683653979034976,1.08231968383523,NA
"4",0.01,6,700,1,0.48,0.28,3.21303652996943,71.2557633367872,NA,0.059004555531307,0.808133040843764,NA
"5",0.01,6,900,1,0.48,0.36,3.42506811220414,75.2495192081501,NA,0.0588973034713096,1.12033591995112,NA
"6",0.01,6,1100,1,0.56,0.4,2.91094266703212,72.406014278592,NA,0.0630835666572487,0.960302311844062,NA
"7",0.01,6,1300,1,0.68,0.56,2.76623684593665,65.796684339045,NA,0.0552300363130925,0.757758791040414,NA
"8",0.01,8,100,1,0.04,0.16,5.42482802380588,196.217978969629,148.885776416809,0.105712080172862,2.19905913475097,1.83531556585581
"9",0.01,8,300,1,0,0.08,2.82021022061429,61.8007212356147,62.1294708705456,0.0624201471673968,0.821175240997543,0.960889564984535
"10",0.01,8,500,1,0.12,0.44,2.00357961491162,85.394762866631,68.3650068218991,0.0306613478904095,1.00653681411244,0.743249878172575
"11",0.01,8,700,1,0.2,0.4,1.73092101872338,67.1872642561771,54.9670627214478,0.0420009332802208,0.732743023047653,0.802084808987587
"12",0.01,8,900,1,0.2,0.56,1.92268310435405,57.783603033493,48.7809854029302,0.0464293679713265,0.77235507798518,0.494974147625717
"13",0.01,8,1100,1,0.4,0.4,2.0753482433876,69.175775309126,47.2972930280456,0.03599271744796,0.753467388611334,0.604951830404295
"14",0.01,8,1300,1,0.24,0.48,1.80047923267316,59.5642257370082,53.8943551275872,0.0287123207315756,0.761732852541232,0.687127502443827
"15",0.01,10,100,1,0.04,0.12,4.12898208051285,181.123076075483,150.709253294475,0.0826221624953303,1.85977461514038,1.75946240098163
"16",0.01,10,300,1,0.2,0.16,2.2037477980449,100.03602939098,70.5835975266029,0.0453473324002884,1.0587410835328,1.13552437497619
"17",0.01,10,500,1,0.2,0.32,1.66144167253188,70.8909602947706,72.5369185553517,0.0320490456793777,0.906959317122725,0.793175073813273
"18",0.01,10,700,1,0.16,0.32,1.29541722734453,57.0998560965837,45.3677685296572,0.0337004803483582,0.661050925410228,0.760223444168242
"19",0.01,10,900,1,0.28,0.4,1.71582596477856,59.7700666926454,47.5285589224134,0.0368894265934643,0.961479197798002,0.602462280756508
"20",0.01,10,1100,1,0.24,0.44,0.780967233366205,58.4553539888001,53.4818126457469,0.0188949754587623,0.86468657698611,0.703456057916617
"21",0.01,10,1300,1,0.36,0.6,0.934193714822276,44.4920949241255,40.7426142797395,0.0215933423443524,0.53359914277461,0.520074363595931
"22",0.01,12,100,1,0.08,0.2,3.6822672796575,119.412302169274,88.1501514714254,0.069563212433182,1.75821541822385,1.09147277217651
"23",0.01,12,300,1,0.2,0.52,1.7898015464112,92.9092571134696,45.1348440848136,0.0376986104012905,1.10706780281481,0.67623807971644
"24",0.01,12,500,1,0.32,0.6,1.18722770005685,70.4058634743351,35.9045971860739,0.0293047947473477,0.934443468276517,0.387794195737428
"25",0.01,12,700,1,0.24,1,1.29362695696375,56.2057263901918,21.5778270107604,0.0217622983577217,0.722382090165437,0.325147033676751
"26",0.01,12,900,1,0.4,0.8,1.00800306620246,62.7811525431357,23.5520352746039,0.0190652462303013,0.696534394384927,0.315683234027785
"27",0.01,12,1100,1,0.4,1,1.36559798104073,38.4414449532756,21.3590283472697,0.0273521582473846,0.623970481747986,0.275745245636379
"28",0.01,12,1300,1,0.52,0.96,1.0238566437929,34.951764531385,23.7049412514913,0.0206375564886284,0.474979180805792,0.307111809468618
"29",0.01,14,100,1,0.16,0.16,1.49084352016327,122.575910776272,62.6276910920666,0.0388752546406362,1.72107255618989,0.780097210312984
"30",0.01,14,300,1,0.24,0.4,1.59786823849579,71.649727196779,42.2591206575762,0.0304330880780477,0.929252630378055,0.545611800774582
"31",0.01,14,500,1,0.2,0.6,0.725002352802937,72.8225626824724,42.6402819351091,0.0156496490359395,1.04953317193776,0.530506078451535
"32",0.01,14,700,1,0.36,0.76,0.820627687289953,44.3135181482126,30.6217617145324,0.0216551593404835,0.588679340875295,0.346979539983948
"33",0.01,14,900,1,0.36,1,0.817120776136631,48.1179628372655,20.121599367504,0.0169870668232782,0.629842485959765,0.254379327447389
"34",0.01,14,1100,1,0.48,1,0.641449784560662,42.3707054909363,18.6941324386914,0.0137626307450575,0.610900288514193,0.187965292247173
"35",0.01,14,1300,1,0.6,1,0.807438091119297,42.8165017882987,18.4375195209125,0.0166019089619047,0.735567561255637,0.283441431081805
"36",0.01,16,100,1,0.08,0.2,1.75321462875157,129.188234594619,49.154681633746,0.0347249213960693,1.38161945195348,0.703850409946628
"37",0.01,16,300,1,0.16,0.88,1.13731609856225,84.3621005013334,29.6179111810267,0.028951422575807,1.11889957464498,0.440948471376136
"38",0.01,16,500,1,0.4,1,0.89795382756346,61.2434493747264,17.4593677255315,0.0199818829070902,0.656548983836271,0.217954454475133
"39",0.01,16,700,1,0.48,1,0.894437541279232,48.5908535671382,13.5248278595754,0.0165905841378343,0.673267555083091,0.191139144134553
"40",0.01,16,900,1,0.48,1,0.769529909224798,43.8118513451838,15.3271203326058,0.0143065469502096,0.534618064307638,0.179001374357111
"41",0.01,16,1100,1,0.6,1,0.492726140565144,27.3913999516308,12.2152619289231,0.0120137527917267,0.401204487206201,0.170606483480628
"42",0.01,16,1300,1,0.56,1,0.535044254949193,28.189552091038,15.3055589001534,0.0143035461648976,0.456914652518629,0.220040264402848
"43",0.01,18,100,1,0.12,0.2,1.37354484440755,103.969720308433,47.725077647263,0.0387851799834545,1.68794916204724,0.612085988784424
"44",0.01,18,300,1,0.24,0.64,0.786773367309997,66.4477329293495,30.3781804885486,0.0169651866409135,0.943516959211831,0.350787688280098
"45",0.01,18,500,1,0.44,0.92,0.890304892432721,81.539896709779,27.60683565976,0.0160369634029154,0.768555707838813,0.318128725149628
"46",0.01,18,700,1,0.52,1,0.608566715199287,52.5927772373387,16.4170761079103,0.0146145589303838,0.605817356125875,0.218782411350785
"47",0.01,18,900,1,0.48,1,0.615424538723188,38.1053611505824,14.0467381885567,0.0123208433221132,0.547942961906263,0.202926873877035
"48",0.01,18,1100,1,0.56,1,0.481539805372989,26.259705074413,10.4225502771433,0.00742053330135743,0.330691659239261,0.147454697761992
"49",0.01,18,1300,1,0.64,1,0.435011504949145,37.997044310204,9.17068649491041,0.00886053922436816,0.437396311388132,0.107251415538862
"50",0.01,20,100,1,0.08,0.72,1.67433680039192,151.552019480737,30.5881762713012,0.0280287581125878,1.30365720809204,0.471358859711772
"51",0.01,20,300,1,0.2,1,0.658954101231454,53.057875439473,17.2279329647938,0.0166218142863866,0.570338638538347,0.184678602044274
"52",0.01,20,500,1,0.32,1,0.63159336833216,57.1419881198577,17.2120125609313,0.0115897195981872,0.925221481758911,0.236646614715409
"53",0.01,20,700,1,0.48,1,0.490550845460834,41.2534750882859,9.92557662236596,0.0113187826650463,0.503256871913989,0.143570746961895
"54",0.01,20,900,1,0.48,1,0.444682753581229,31.5911742888056,12.0594888575879,0.00965417931520293,0.481608256621455,0.159803067711849
"55",0.01,20,1100,1,0.8,1,0.484483169180121,24.9796419513252,7.41412665916419,0.00872043519848171,0.322669621664524,0.089378670505321
"56",0.01,20,1300,1,0.68,1,0.282391002604632,28.2998380483404,9.06611027882077,0.00795363376748042,0.418462337422642,0.112780917647816
"57",0.025,6,100,1,0.4,0.2,10.5955981300644,89.4657684739933,NA,0.186996955987791,0.41520766379299,NA
"58",0.025,6,300,1,0.88,0.64,5.07020020509415,60.6946858499868,NA,0.114793683983714,0.257832166193277,NA
"59",0.025,6,500,1,0.96,0.8,4.83396696833807,58.0779340541875,NA,0.0924431508450706,0.303783456933194,NA
"60",0.025,6,700,1,1,0.92,3.48612422481532,48.031495194254,NA,0.0685108375287226,0.235899238867711,NA
"61",0.025,6,900,1,1,0.96,2.36415146542477,46.1627932347976,NA,0.0606366647357403,0.204477040375257,NA
"62",0.025,6,1100,1,1,1,2.60050729032724,54.7142059223083,NA,0.0499607596435594,0.175821132792281,NA
"63",0.025,6,1300,1,1,1,2.38730642600294,46.7991241301181,NA,0.0431663513415732,0.106149947310358,NA
"64",0.025,8,100,1,0.2,0.24,5.66688064194296,89.986180356825,55.4733553813566,0.105849504876414,0.388140237704341,0.297653533774795
"65",0.025,8,300,1,0.32,0.6,2.65113039545341,41.8613096676864,38.6767829497003,0.0651671664179244,0.267119344455833,0.174144425749982
"66",0.025,8,500,1,0.72,0.8,2.10989627897082,36.425457805314,29.4399742214888,0.0485145664375262,0.19531212463741,0.130640426646331
"67",0.025,8,700,1,0.76,0.92,2.1489354118119,36.0052044419996,31.2728935989062,0.0474617641610638,0.179863416300025,0.129865173431397
"68",0.025,8,900,1,0.8,1,2.05623994674317,28.3939808663709,22.8583342993687,0.049254462092965,0.169598762558436,0.139835544068739
"69",0.025,8,1100,1,0.88,1,1.62632394144602,25.3440922550902,20.3812098244341,0.0352362323781181,0.162359026579774,0.117098751199058
"70",0.025,8,1300,1,1,1,1.19918624348454,20.6263730285411,16.7586608531348,0.0303643938149266,0.104622303565467,0.0780616077633619
"71",0.025,10,100,1,0.2,0.44,3.24146628430454,67.3594378936804,60.3014473038594,0.0686861987240118,0.363346336208384,0.231553826041511
"72",0.025,10,300,1,0.56,0.76,2.68793584123258,43.2935255055222,25.9938264026393,0.0505442340646048,0.183580230183283,0.169162203023532
"73",0.025,10,500,1,0.76,0.8,2.25270282009664,35.940131125225,25.5025176114754,0.0473320332566493,0.177408384321512,0.103328502823908
"74",0.025,10,700,1,0.76,0.96,1.27084771011706,32.0705500401394,22.9742895039677,0.0263679484304741,0.156230156363191,0.12491600568231
"75",0.025,10,900,1,0.84,1,1.52208676771106,25.7374461508705,16.376479475284,0.0312180376058603,0.111069480089352,0.0714847953010828
"76",0.025,10,1100,1,1,1,1.29078815502498,25.891385904621,22.3731593617896,0.0313389274199234,0.115793956625188,0.104849120160871
"77",0.025,10,1300,1,0.96,1,0.967423162328927,19.9444618777788,18.0586811799418,0.0241008598859058,0.106774831169935,0.0836833740720189
"78",0.025,12,100,1,0.2,0.76,3.14435896486839,56.0759954586954,35.5271979310029,0.0689359048386678,0.329559825404546,0.187745700847716
"79",0.025,12,300,1,0.72,1,1.57904016790485,28.431721787006,12.8087490716067,0.0337312558619361,0.126249302940999,0.0646680713455903
"80",0.025,12,500,1,0.96,1,1.34433809353589,27.8731321597337,13.1745018435052,0.0311786367636065,0.150449381085678,0.0647507809662513
"81",0.025,12,700,1,1,1,1.21972343791147,17.103078406931,10.5619838919597,0.0275981129550057,0.0874380666510396,0.0555627746273914
"82",0.025,12,900,1,0.92,1,0.855810821517351,23.3542138065914,15.4885264679663,0.0188143489836367,0.125738795803981,0.0683590141035067
"83",0.025,12,1100,1,1,1,0.778587403113893,14.6392911397793,7.73978703983072,0.0207012685829024,0.0660108591399126,0.038141626817814
"84",0.025,12,1300,1,1,1,0.510776986572466,14.0889127125559,7.25824047307486,0.0102532538762786,0.0751080493009034,0.0323902571813415
"85",0.025,14,100,1,0.2,0.8,2.76139995568838,53.6117805658319,29.3093647864285,0.0496611747933652,0.315992489450986,0.130857356938651
"86",0.025,14,300,1,0.72,1,1.35492943521524,27.7585058171936,20.4655592357492,0.02312505928169,0.142775859924954,0.0753392496636127
"87",0.025,14,500,1,0.88,1,1.1918234032409,22.4919004109599,7.99420432084096,0.0311598296512768,0.149150898209915,0.0425386719250045
"88",0.025,14,700,1,0.92,1,0.776440533788045,24.0742465107527,13.3427649733257,0.0144383219168098,0.132156585284792,0.0633055689194378
"89",0.025,14,900,1,0.96,1,1.02218355621983,19.6725026846709,10.0419877933704,0.0195808714040968,0.116134024650896,0.0531201621264513
"90",0.025,14,1100,1,1,1,0.823301817374274,18.7300690247492,7.76780310815881,0.0159579922096675,0.0788366005699397,0.0354164187062975
"91",0.025,14,1300,1,1,1,0.664432716120254,14.4585087496374,8.87836923104667,0.0118877553235855,0.0958056864302507,0.0528523598169901
"92",0.025,16,100,1,0.2,1,1.68871278469072,39.9753955742786,17.2684017293161,0.0370835473984227,0.270814430541478,0.0866325863137068
"93",0.025,16,300,1,0.88,1,0.687104914511194,25.0686134764696,8.58153744408357,0.0141506204862073,0.103835329691003,0.0466695063668204
"94",0.025,16,500,1,0.92,1,0.814637963711292,24.5137518759682,8.35690752021393,0.0152779835577839,0.119924938660225,0.0415425822056038
"95",0.025,16,700,1,1,1,0.694523348949506,25.4072888735018,7.03432560355899,0.018632207202037,0.109768744236262,0.0371254196946658
"96",0.025,16,900,1,1,1,0.739343752856899,17.3371039018059,5.75615684150947,0.0144908431097532,0.110408980469537,0.029391865805432
"97",0.025,16,1100,1,1,1,0.468398723685065,10.7960719186739,6.31555669840075,0.0112120768719512,0.0718981172698643,0.0327211650260777
"98",0.025,16,1300,1,1,1,0.471499352008129,13.1836769412189,4.95518396262652,0.00925873794788257,0.0550829480198415,0.0275956995120171
"99",0.025,18,100,1,0.36,1,1.88616109037918,48.3228004707705,20.5408647135956,0.0302337378658401,0.245475263105445,0.100581599795687
"100",0.025,18,300,1,0.88,1,0.761116666002446,21.3603772475336,9.46669476582309,0.0183072792154924,0.112103525525979,0.050184846111181
"101",0.025,18,500,1,0.96,1,0.615215619439498,20.7961154431227,9.54614661357517,0.0148855840957352,0.0953517469059564,0.0529775974072834
"102",0.025,18,700,1,1,1,0.6798336811981,18.7131523228658,7.07656372296106,0.0139304270542175,0.0825704449346589,0.0284233967909497
"103",0.025,18,900,1,1,1,0.437578539863338,17.1083708341687,7.42271946554083,0.00880468602078778,0.0848985354446838,0.0323520615243232
"104",0.025,18,1100,1,1,1,0.351518593330285,14.1650324618812,6.43502213740087,0.00765388818595842,0.0735611758853143,0.0357330887648284
"105",0.025,18,1300,1,1,1,0.413722214078096,14.4496526061046,6.7186214957158,0.0121363265103654,0.0709531197787067,0.0300452093355302
"106",0.025,20,100,1,0.6,1,1.17421116160428,42.7244502406074,12.7325837266895,0.0219067778027011,0.200595125693583,0.0558704724033869
"107",0.025,20,300,1,0.92,1,0.851743016253761,20.0145216898245,8.86699595781939,0.0140669389026782,0.11371887147918,0.0402046245997477
"108",0.025,20,500,1,1,1,0.5272068833111,14.9839961511987,5.10583141050652,0.012003547862811,0.0924693407923006,0.0248194714118479
"109",0.025,20,700,1,1,1,0.437127568349866,16.7703254551372,4.26540577332377,0.00951493609197914,0.090706147544752,0.0214167070203044
"110",0.025,20,900,1,1,1,0.483605780376727,16.2552684812522,5.95695886051125,0.0110449979183317,0.0873596630520418,0.0265938448523803
"111",0.025,20,1100,1,1,1,0.421079968343614,12.0878652890505,4.08122578221046,0.00721764533264934,0.0629281417230706,0.0235318285082686
"112",0.025,20,1300,1,1,1,0.432212298338475,11.1281991557802,3.02377123713853,0.00759623532461453,0.0627893715816799,0.0223208176930998
"113",0.05,6,100,1,0.96,0.88,10.0865944630736,44.9972622149107,NA,0.21240025790878,0.133831724236691,NA
"114",0.05,6,300,1,1,1,5.94960821691584,52.3216155112448,NA,0.121194784989268,0.0814890846251038,NA
"115",0.05,6,500,1,1,1,4.48892740064246,50.1130432763848,NA,0.0864277327051767,0.0718709467595785,NA
"116",0.05,6,700,1,1,1,3.83558595842506,54.089242693014,NA,0.0657365556673733,0.0688727149344615,NA
"117",0.05,6,900,1,1,1,3.46442655504591,47.0862635485427,NA,0.0649583806868911,0.0548257705747401,NA
"118",0.05,6,1100,1,1,1,2.32945241545528,51.5070514865539,NA,0.0447417876355902,0.047657134339275,NA
"119",0.05,6,1300,1,1,1,2.68340490506267,44.2512173687913,NA,0.0413284278692886,0.0390425544633818,NA
"120",0.05,8,100,1,0.48,0.88,5.19122584777746,42.7221188282779,19.7421834398853,0.0986837574173014,0.0861796514947207,0.0562700885372929
"121",0.05,8,300,1,0.96,1,3.38052611265996,21.2513817556359,19.1056192447692,0.0428714907432739,0.053841576150955,0.0534786454067502
"122",0.05,8,500,1,1,1,2.06968048991233,16.5935375555472,14.4397933035472,0.0455319016645671,0.0546183289209149,0.0374584788417535
"123",0.05,8,700,1,1,1,1.92368560276222,14.4334852829711,11.0545288638857,0.040157178332703,0.0339331424619264,0.0274599891545431
"124",0.05,8,900,1,1,1,1.94209307797436,11.8557340363927,8.40811264697239,0.0338511424239225,0.0305534198435823,0.023584542136165
"125",0.05,8,1100,1,1,1,1.55153478323129,8.01766376582317,8.50038200440873,0.0279951015847684,0.024142036134084,0.0258370564609118
"126",0.05,8,1300,1,1,1,1.49229304511967,9.68621385384368,8.78278769554793,0.0430001359302341,0.029772716788906,0.0198308288366028
"127",0.05,10,100,1,0.4,0.96,3.72396214226192,35.5800290452421,24.5449394114974,0.0534788279576339,0.0842230596569617,0.0740968868447635
"128",0.05,10,300,1,0.96,1,2.22894683308253,20.6004079746288,12.0535033229135,0.0535910187400816,0.0582163572760511,0.0338722118367493
"129",0.05,10,500,1,1,1,1.83079932465779,12.3489593162219,12.7047996159073,0.0283135038197594,0.0469078696237317,0.0371421036237881
"130",0.05,10,700,1,1,1,1.44324372986742,17.2049924489318,11.8842868217628,0.0332622100702824,0.0427719149455765,0.030780458879664
"131",0.05,10,900,1,1,1,1.30577228461813,13.1421679621724,9.0463511751988,0.0265655160403229,0.0341456504111129,0.0236597208894682
"132",0.05,10,1100,1,1,1,1.32990643945077,10.8168603342412,7.8319884030692,0.0297991174836873,0.0315538948453054,0.020979415724605
"133",0.05,10,1300,1,1,1,1.06096402733703,5.75047944422096,6.01589821500034,0.0243121835694807,0.0178456325504638,0.0177714384137086
"134",0.05,12,100,1,0.72,1,3.16724614460493,23.7123754930008,15.8127613349531,0.0681409929646606,0.0501790859040037,0.0450292941355701
"135",0.05,12,300,1,1,1,1.83965996367188,17.5510625228534,6.57050956662632,0.0416220017965296,0.0485598284738417,0.0166998198276115
"136",0.05,12,500,1,1,1,1.83287078603778,14.0895602349545,8.43064418084648,0.0378901176405442,0.0392515445962773,0.0218816755468842
"137",0.05,12,700,1,1,1,1.14486214629985,10.4357333700998,5.71188369536794,0.0271633270906041,0.0294140087400083,0.0159495023948231
"138",0.05,12,900,1,1,1,1.0756810015368,10.9379488135657,4.31687580362598,0.0261702913361099,0.0242704849786429,0.0130478213418661
"139",0.05,12,1100,1,1,1,0.557104426452669,8.44835105518609,4.02643558649121,0.012009349168188,0.0152176529515105,0.0100672232850858
"140",0.05,12,1300,1,1,1,0.73127538519418,9.15541000765319,4.21067453273226,0.0147893138986403,0.0220096784258553,0.0101374778754349
"141",0.05,14,100,1,0.8,1,3.01055186781682,27.6057985857564,14.8928591780344,0.0519923280330117,0.0744521005780873,0.0420324457630051
"142",0.05,14,300,1,1,1,1.41962803330686,17.4871147356574,6.55009844991499,0.0327420321644214,0.0492481948477778,0.016903937270812
"143",0.05,14,500,1,1,1,1.28891580859077,15.2702304356919,7.73471155599678,0.0264602008098715,0.0377989783274399,0.0197299622055445
"144",0.05,14,700,1,1,1,0.95463555734994,12.565103237509,6.57522211084364,0.0195846118826117,0.035982990726999,0.0165372001222572
"145",0.05,14,900,1,1,1,0.663477868363578,10.0888246714263,4.46955978710213,0.0167001156829988,0.0217426684480283,0.0127641756509975
"146",0.05,14,1100,1,1,1,0.6966206603644,8.81326818168727,4.54912187430176,0.0165821826551465,0.0200700297317806,0.0118999646361838
"147",0.05,14,1300,1,1,1,0.545222917427107,9.46258491847807,5.14087844235525,0.0110239822477222,0.021182046362964,0.0101892717096275
"148",0.05,16,100,1,0.88,1,1.8603007454672,23.3527243662712,7.39390502144173,0.0344217987854606,0.0602754764819056,0.0235058818411223
"149",0.05,16,300,1,1,1,1.24805782457269,16.5788907213512,4.82499851063314,0.0215514089083271,0.0368142112654682,0.0129757275679022
"150",0.05,16,500,1,1,1,0.983217043876717,11.4904644196363,4.27093218426682,0.0221747933408886,0.0301854998861254,0.0112784522860725
"151",0.05,16,700,1,1,1,0.731767364249645,8.42507232682933,3.53337633669994,0.0138122853523065,0.0205339388862069,0.00992180254366942
"152",0.05,16,900,1,1,1,0.728857584849484,9.00839530793411,2.09904524896251,0.01248586854907,0.0195869779094656,0.0064352252048709
"153",0.05,16,1100,1,1,1,0.345033378572896,8.788774427571,2.12922806443688,0.00657703868252538,0.0212339296941017,0.00616616859184466
"154",0.05,16,1300,1,1,1,0.508528163816768,5.37127726077281,3.10711843515617,0.0102333482165259,0.0112907090144557,0.00647553192510649
"155",0.05,18,100,1,0.92,1,1.6918009174814,23.0617646781402,10.1648926851389,0.0420652119782063,0.0585496625354957,0.0238610467988319
"156",0.05,18,300,1,1,1,1.03092037700367,13.8110763697718,5.0779061065454,0.0190131658820589,0.0350451838866379,0.0124955162789685
"157",0.05,18,500,1,1,1,0.838027438995617,12.071268171418,4.00012118521576,0.0125613104880751,0.0290258055803327,0.0109295590313236
"158",0.05,18,700,1,1,1,0.565253135353178,10.9528423714006,4.1545125417808,0.00898872568699698,0.026451556722949,0.00850980566892377
"159",0.05,18,900,1,1,1,0.536177252176264,8.40340907421419,2.86784104692118,0.00926550157760029,0.0195982866662068,0.00954228171316362
"160",0.05,18,1100,1,1,1,0.509672808122911,7.63504650128758,2.83023624449022,0.0116118891926555,0.0160296771613888,0.00674116096833428
"161",0.05,18,1300,1,1,1,0.35811553461951,5.6796642692454,2.68808309319834,0.00780063361269145,0.0172996652706304,0.00673885008382086
"162",0.05,20,100,1,1,1,1.49671316708346,19.4762727607339,6.65747067014161,0.0302858349767696,0.0567197188630382,0.0180873637204959
"163",0.05,20,300,1,1,1,0.894373463969724,11.5568020633411,3.09868196723722,0.0184292955100429,0.0294624552412596,0.0090986576594394
"164",0.05,20,500,1,1,1,0.718990331092806,9.98523052746072,3.85629217371097,0.0145644621868842,0.0310751676159012,0.0108713475385353
"165",0.05,20,700,1,1,1,0.590814280403612,7.46461132444516,2.72117385730966,0.0122769020752443,0.0199799403298193,0.00804710321166404
"166",0.05,20,900,1,1,1,0.465072848935272,6.67692541417101,2.14475417863247,0.00998777876735147,0.0156780582354111,0.00594233011362135
"167",0.05,20,1100,1,1,1,0.371982134378893,6.98720545847824,1.85953027928134,0.0100560965380966,0.0167585670002066,0.00513639600056748
"168",0.05,20,1300,1,1,1,0.400397669648443,5.58569999226552,1.84584202096776,0.0102779399496768,0.0148324467946518,0.00614106322321506
"169",0.1,6,100,1,1,1,7.42015697627585,49.6401973235465,NA,0.16210536033245,0.0429566105529086,NA
"170",0.1,6,300,1,1,1,5.96084708801811,51.9795749384157,NA,0.122865226558527,0.0238918044063326,NA
"171",0.1,6,500,1,1,1,4.10479464568597,46.0862466092042,NA,0.0775592858346235,0.0179951134742619,NA
"172",0.1,6,700,1,1,1,3.15460485099259,50.269575039944,NA,0.0738185769001757,0.0126024587678328,NA
"173",0.1,6,900,1,1,1,2.91363234294177,51.1801442593168,NA,0.0625942706438972,0.0149528252059815,NA
"174",0.1,6,1100,1,1,1,2.47883107404107,49.7954676489528,NA,0.0422914445233535,0.00918253192828818,NA
"175",0.1,6,1300,1,1,1,2.85161535507788,49.8637064104183,NA,0.0655216411172753,0.0128158128774737,NA
"176",0.1,8,100,1,1,1,6.39811451144856,16.8520182152014,14.0327739951611,0.0918340603936866,0.0231357453288055,0.0132680212349372
"177",0.1,8,300,1,1,1,3.68792801358194,9.93814405739783,7.36738941190318,0.0673688015948667,0.0129647429112483,0.0116599198516984
"178",0.1,8,500,1,1,1,2.49714645361854,7.69001752693653,6.25866029348722,0.0377930551081519,0.0104757048215796,0.0076834250468086
"179",0.1,8,700,1,1,1,2.20888188208092,8.03647922333207,5.54026876910407,0.0455764461786915,0.00957805187969915,0.008583576488864
"180",0.1,8,900,1,1,1,2.06784452201813,6.2358607993603,5.12731239396899,0.0412103564411772,0.00705672767294042,0.00542005735073138
"181",0.1,8,1100,1,1,1,1.59696058441738,5.35242876910117,5.19175756992591,0.0351933654139791,0.00667418631313636,0.00560550528907775
"182",0.1,8,1300,1,1,1,1.41499836887918,5.75399932711347,4.61200477357827,0.0338304212883624,0.00895484048644472,0.00589880088439831
"183",0.1,10,100,1,1,1,4.24686417453525,21.3534777046937,13.0324553287342,0.097882868841065,0.0254648030252826,0.0175276738488429
"184",0.1,10,300,1,1,1,2.11239489294072,10.3759347026787,8.3211064279048,0.0392338100593626,0.0142869618769157,0.0086320422760121
"185",0.1,10,500,1,1,1,1.84606219689538,9.64425900737193,7.79081010392297,0.0410921819683835,0.0134626725300935,0.00958871703173973
"186",0.1,10,700,1,1,1,1.61995960465303,8.38464932042374,6.63869472844299,0.0390861732053835,0.010764608880568,0.00988631264408747
"187",0.1,10,900,1,1,1,1.37292940217604,4.98352624262958,4.92786592040336,0.0348416612132754,0.00638277490387502,0.0062272499660112
"188",0.1,10,1100,1,1,1,1.13515456594382,4.35680043883205,4.10371730144294,0.0249337070288072,0.00634565900931732,0.00557999355219937
"189",0.1,10,1300,1,1,1,1.009638390464,5.0444385263091,3.84946537605146,0.0228906393059351,0.00616248097243424,0.00335942988026346
"190",0.1,12,100,1,1,1,2.44146312031099,12.1842618899224,7.92215841270232,0.055275962889235,0.0156583475133123,0.0100362558866999
"191",0.1,12,300,1,1,1,1.48186348413217,9.84110513864578,5.57557385571982,0.0281616173635351,0.00928763858468065,0.00467791833889407
"192",0.1,12,500,1,1,1,1.34284100896019,4.74146834146505,3.16055887009217,0.0301431924233175,0.00582202545012262,0.00451734361756219
"193",0.1,12,700,1,1,1,1.15199337702053,6.24602475206392,3.12698161240827,0.0304666007971441,0.00891934489575073,0.0038523604871091
"194",0.1,12,900,1,1,1,0.934804359893865,3.86697958943692,2.01724443032849,0.0232836504856468,0.00484397201697647,0.00300592635932504
"195",0.1,12,1100,1,1,1,0.996775273641446,4.98627265773011,2.49273017359747,0.0207929806791011,0.00604189548591508,0.00331315074127309
"196",0.1,12,1300,1,1,1,0.64658874825988,3.34292638502848,1.74323877031429,0.0147143671727679,0.00450638402740184,0.00195057009657594
"197",0.1,14,100,1,1,1,2.12331721257854,11.0149032246627,4.36518936207386,0.0440345583119298,0.0155275033127826,0.00781300883113285
"198",0.1,14,300,1,1,1,1.23126295267439,8.32821921784818,3.01167851387778,0.0268422411056963,0.00970115524360592,0.00467401043297891
"199",0.1,14,500,1,1,1,1.15158793124214,7.30064545049684,2.90484948335285,0.028569945162863,0.00996538291297985,0.00474483941512805
"200",0.1,14,700,1,1,1,0.939913577412077,5.17689266814691,2.52848139256773,0.0198454809960673,0.0075937484099281,0.00321759220743695
"201",0.1,14,900,1,1,1,0.745478759939496,4.92949116461098,2.41810842016069,0.0182578889852558,0.00656626204636434,0.00375135922686157
"202",0.1,14,1100,1,1,1,0.589651313127869,4.41818117229914,2.24203524511395,0.0109105409088706,0.00441160407653771,0.00245627383848625
"203",0.1,14,1300,1,1,1,0.784917816712687,4.18931120977593,1.95726772949656,0.0173770934755919,0.00552651983988478,0.00244613213828897
"204",0.1,16,100,1,1,1,2.18812961435973,11.355527839308,5.14670180422117,0.0449425822052766,0.0145755091439552,0.00601152073036713
"205",0.1,16,300,1,1,1,1.01216281680388,5.864569822784,2.60255654835597,0.0267019203559313,0.00856062633138051,0.00285445066377021
"206",0.1,16,500,1,1,1,0.601411249553438,4.73312582988684,2.24092079025263,0.00971290508216765,0.00548156544609274,0.0032107830236136
"207",0.1,16,700,1,1,1,0.758003770647907,4.46712911813997,2.07362692519845,0.0152457408349573,0.00730949668800798,0.00238250914716503
"208",0.1,16,900,1,1,1,0.554508577519034,4.04839438775518,1.62270590133946,0.0136574402394703,0.00549498397873088,0.00180177772735478
"209",0.1,16,1100,1,1,1,0.51440850327417,3.41640732163835,1.41157871256235,0.00913395305735411,0.0050733391371546,0.00155957880704641
"210",0.1,16,1300,1,1,1,0.454707532848918,4.08088288983564,1.29100787761989,0.0113147584690103,0.00523700369856869,0.00161540037584686
"211",0.1,18,100,1,1,1,1.50324672605089,10.7955258079144,4.2511299371905,0.0294041590988977,0.0126023836852099,0.00543751242289595
"212",0.1,18,300,1,1,1,0.97187092860745,7.39726417215369,2.60451639611144,0.0157605352105023,0.00994350118037279,0.00349403934414898
"213",0.1,18,500,1,1,1,0.591668643547094,5.09811573293004,2.06371469875994,0.0130232117063225,0.00604321785947434,0.00207841517131548
"214",0.1,18,700,1,1,1,0.738827490287321,4.79639033510666,1.72052085034977,0.0138353498304262,0.0056588692688199,0.00252511493456305
"215",0.1,18,900,1,1,1,0.462578243939011,3.10396971819694,1.43339089455975,0.009234621792725,0.0049439550218458,0.0017089418917382
"216",0.1,18,1100,1,1,1,0.443762474451626,2.79896255358322,1.41946522356439,0.00975660422881949,0.00508367691140188,0.00220478818841044
"217",0.1,18,1300,1,1,1,0.395778428905685,2.62215465055,1.13702448316327,0.00925870866664036,0.00365331074170734,0.00119395381381872
"218",0.1,20,100,1,1,1,1.50325921785913,9.38874043367657,3.48504725928043,0.0366506147078437,0.0133177401380801,0.00347462298769793
"219",0.1,20,300,1,1,1,0.741174425997929,6.80358184774979,1.80265276521704,0.0168385634748059,0.00806680904079007,0.00221864668712066
"220",0.1,20,500,1,1,1,0.662926952568965,6.81948474200448,1.36944316695135,0.0153899435697771,0.00938367348398744,0.00246635238892657
"221",0.1,20,700,1,1,1,0.42158246377624,3.81158232034818,1.17628338565621,0.00687661463496965,0.00460605939388647,0.00189566634124821
"222",0.1,20,900,1,1,1,0.367111708402388,3.8793549858656,0.93566830274731,0.00831362044636056,0.00451951217320398,0.00129415776464977
"223",0.1,20,1100,1,1,1,0.450175972731007,2.85418208488521,1.10415142945856,0.0103578247718562,0.00397090915772598,0.00123460791351011
"224",0.1,20,1300,1,1,1,0.401597857186894,3.10228185056,0.808397206260239,0.00926560931926531,0.00354757040042261,0.00116603720777914
"225",0.15,6,100,1,1,1,8.01763096510668,44.0516348903748,NA,0.131750176027642,0.0168227609409628,NA
"226",0.15,6,300,1,1,1,6.66194233966233,49.7278130499035,NA,0.124508824133063,0.0119592490632965,NA
"227",0.15,6,500,1,1,1,2.77997083985754,50.3012898208943,NA,0.0521032143996612,0.00593596483556034,NA
"228",0.15,6,700,1,1,1,3.01450653879886,49.79170061285,NA,0.0680842481133021,0.00523764852591417,NA
"229",0.15,6,900,1,1,1,2.60104348888748,50.2579906697519,NA,0.0458129333581816,0.0051577576628469,NA
"230",0.15,6,1100,1,1,1,2.76121048373074,50.6026777810459,NA,0.0477192599449797,0.00421378121189084,NA
"231",0.15,6,1300,1,1,1,1.68605338955025,50.9260346563154,NA,0.0353102241695234,0.00434263678295987,NA
"232",0.15,8,100,1,1,1,5.60011226123244,11.1074814991282,10.7065112795107,0.112201292387976,0.011617404514599,0.0102997311164126
"233",0.15,8,300,1,1,1,2.42046374294777,6.31632421939443,4.49707614037852,0.0593621581849551,0.00531757302137889,0.00418793918263691
"234",0.15,8,500,1,1,1,2.47936353287571,6.19907403956503,3.79648534524305,0.048035531521153,0.00395307081305585,0.00379726618039731
"235",0.15,8,700,1,1,1,1.79348989147123,4.57458833149337,3.72488828068265,0.0368476328767733,0.00470847589633971,0.00396866917726829
"236",0.15,8,900,1,1,1,2.05878060222126,4.122770926487,3.60289609804326,0.0477000706574758,0.0031482132903845,0.00302019712618033
"237",0.15,8,1100,1,1,1,1.43687057016721,4.17457935932303,2.76841782641973,0.0370641246635738,0.00390266351910012,0.00230825418960917
"238",0.15,8,1300,1,1,1,1.50405332115845,3.32226444394489,3.30628433994734,0.0299025878422229,0.00301973400188606,0.00280332782755994
"239",0.15,10,100,1,1,1,2.84079467344409,10.8330485751357,10.2978324204055,0.0665043130123353,0.0096213834097498,0.00741298546276254
"240",0.15,10,300,1,1,1,2.64124452207651,6.16657624866484,5.37263656802946,0.0548849795925069,0.00491468561921525,0.0038556975436918
"241",0.15,10,500,1,1,1,1.27684807035026,5.71552884043385,4.0034421229765,0.0253965481529967,0.00390273872711906,0.00274763470851302
"242",0.15,10,700,1,1,1,1.43644543096121,5.14846255191968,4.14041567458162,0.0361617548171352,0.00453913002760971,0.00426724629028536
"243",0.15,10,900,1,1,1,1.43143498066514,4.0033173860479,3.45401800450403,0.0292376513102301,0.00437781274660041,0.00252375157313611
"244",0.15,10,1100,1,1,1,0.903093197650163,4.04247761618739,3.23742196733082,0.0234435263385962,0.00400282207045705,0.00296896017279927
"245",0.15,10,1300,1,1,1,1.39995862635519,3.5775023884824,2.6759634810394,0.0226586621531787,0.00255500011546412,0.00277110502266773
"246",0.15,12,100,1,1,1,3.48906150178724,11.091740473303,5.84062064971138,0.0726084731736807,0.0117435323760533,0.00572755165714038
"247",0.15,12,300,1,1,1,1.33777625496247,5.61743051445387,3.0547344476848,0.0356552576114363,0.00492360632513901,0.00286812085719027
"248",0.15,12,500,1,1,1,1.04790135098804,3.2747109377799,2.14595660515235,0.0261892818307494,0.00301490608006603,0.00158834890692755
"249",0.15,12,700,1,1,1,0.931255097124019,3.05082541303044,1.54910968134074,0.0189101971550362,0.00249188857952257,0.00124560397909956
"250",0.15,12,900,1,1,1,0.749923197157832,3.47328338253118,1.45023016492181,0.0147759520274328,0.00278077477193937,0.00154051034151006
"251",0.15,12,1100,1,1,1,1.08701171085543,3.21675396853523,1.20991150116762,0.0235626844177021,0.00290654745321302,0.00100225014076039
"252",0.15,12,1300,1,1,1,0.745497321870422,2.72600527730798,1.61803619214163,0.0124669042791567,0.00242432231168982,0.00133073167436414
"253",0.15,14,100,1,1,1,2.58717195659483,10.2978213583205,4.97856821043191,0.0480073849965839,0.0100462835524284,0.00369717400576844
"254",0.15,14,300,1,1,1,1.44894346286613,4.99645020141308,2.65066575762693,0.0294161443660903,0.00449143659760438,0.00299618414507886
"255",0.15,14,500,1,1,1,0.713025987508652,2.10649263363973,1.98772743395345,0.0150620398892883,0.00206806520598381,0.001575005082516
"256",0.15,14,700,1,1,1,1.02666984230738,3.00884049147728,1.66784941369668,0.0195922977157513,0.00234001835796243,0.00145548740679391
"257",0.15,14,900,1,1,1,0.742273521575013,2.73114766277063,1.33321679839328,0.0145643853761736,0.00247969174488675,0.000933853102431191
"258",0.15,14,1100,1,1,1,0.660128563708084,2.39180954812512,1.73747422349231,0.0121584783510888,0.00217291920465936,0.00177311841459637
"259",0.15,14,1300,1,1,1,0.583950252350316,2.06325681773838,1.31094055055537,0.011052352924887,0.00241416688288003,0.0011912468955786
"260",0.15,16,100,1,1,1,2.13925595843273,9.31104007584239,3.7055832399186,0.048561792401469,0.00665897785866257,0.00372840508592639
"261",0.15,16,300,1,1,1,1.30904461395048,3.81361382337635,1.87993212124487,0.034317754789879,0.00428258133477411,0.00184453001199807
"262",0.15,16,500,1,1,1,0.856953539779835,4.04919952834796,1.09264615495129,0.0156524685544536,0.00373306531182823,0.00093139363436348
"263",0.15,16,700,1,1,1,0.707032613592895,3.07508045407793,1.03969624195758,0.0165186418144965,0.00294967798733419,0.00078583710582008
"264",0.15,16,900,1,1,1,0.536589854058984,2.70390456795453,0.90187447416544,0.0105170613198689,0.00214970799828035,0.00094998163270784
"265",0.15,16,1100,1,1,1,0.574580443025922,2.93090239330615,0.948103213341832,0.0123803275732099,0.00215429710537941,0.00083296908072611
"266",0.15,16,1300,1,1,1,0.624104352523793,2.15443294721361,0.891610490024206,0.0121663469505492,0.00206361807256921,0.000643916911928047
"267",0.15,18,100,1,1,1,1.59639246928765,7.89439512512199,3.12758514203904,0.0318573599737792,0.00649565493965695,0.00243206868871391
"268",0.15,18,300,1,1,1,1.10997557924073,5.25693861437592,2.03533895564403,0.0251941098262545,0.00427355108815377,0.00146038831979301
"269",0.15,18,500,1,1,1,0.761159892070509,3.53826826895217,1.4476364143089,0.0133077430682337,0.00339931539015376,0.00135018531625813
"270",0.15,18,700,1,1,1,0.551275830361096,3.30760752013745,1.10896241485196,0.0115059580210357,0.00260565224864894,0.000913718810849053
"271",0.15,18,900,1,1,1,0.67820694607325,3.01571235183429,0.792296898018787,0.0141897275559507,0.00276361440130252,0.000737384030305339
"272",0.15,18,1100,1,1,1,0.51550192838161,2.67489935501391,1.02404496953857,0.00875991826783475,0.00224717806427399,0.00102576286582923
"273",0.15,18,1300,1,1,1,0.521454128049859,2.47788077475965,1.05228875328549,0.00804904530478224,0.00158238009113466,0.000839802872088681
"274",0.15,20,100,1,1,1,1.43397400142659,8.65254607145463,2.29898816858253,0.0254125856636062,0.00734254966462053,0.00214392715304703
"275",0.15,20,300,1,1,1,0.871059296408221,5.0763173082487,1.0598936638313,0.0153111125515598,0.00376027336565238,0.00104549494384098
"276",0.15,20,500,1,1,1,0.433178326560689,3.54360327227743,1.13808164653685,0.00757193315260609,0.00213597087914044,0.000955311320157009
"277",0.15,20,700,1,1,1,0.472087452644109,3.21894458433462,1.00022105966862,0.00986790662717405,0.00284244242980595,0.000807058289214074
"278",0.15,20,900,1,1,1,0.457059635212359,2.56239713336884,0.67605029142921,0.0090930935958679,0.00199509340112455,0.000631259926162715
"279",0.15,20,1100,1,1,1,0.415806381163026,1.66322249023477,0.677917917108126,0.00729934351086997,0.00127547133078669,0.000728539252879701
"280",0.15,20,1300,1,1,1,0.369998913256693,1.31041237873181,0.463485291376876,0.00719890197971809,0.00118885212890982,0.000333215293514156
"281",0.3,6,100,1,1,1,8.29373547382086,50.7866477355441,NA,0.187990350982894,0.00457692207917605,NA
"282",0.3,6,300,1,1,1,4.04335068165981,50.7866211473162,NA,0.0859793728613816,0.00190097000419743,NA
"283",0.3,6,500,1,1,1,4.20013677314183,50.7074928585842,NA,0.0906870798133026,0.00169088904807566,NA
"284",0.3,6,700,1,1,1,3.25052779420707,49.43616359461,NA,0.0803827624426309,0.00162458672727968,NA
"285",0.3,6,900,1,1,1,3.99505074648604,49.5259801508258,NA,0.100050421331453,0.00162725623104033,NA
"286",0.3,6,1100,1,1,1,3.45646905288404,49.3728806117266,NA,0.0630466529406953,0.00140529196686122,NA
"287",0.3,6,1300,1,1,1,2.27664102113488,49.6108491590276,NA,0.0396591478440015,0.000855368588532784,NA
"288",0.3,8,100,1,1,1,5.46534497192179,6.41674353591609,4.00958112900397,0.121788670733572,0.00296702695438921,0.00140341566828195
"289",0.3,8,300,1,1,1,2.62943819657713,3.59298488243904,2.81532091093388,0.0664678674388656,0.00165740606426994,0.00116693343387776
"290",0.3,8,500,1,1,1,2.28787435118689,2.32522759437625,1.99034675990791,0.0437486849392924,0.000868923071480808,0.000855507366423724
"291",0.3,8,700,1,1,1,2.61496310876077,3.33001080840055,2.20141769197829,0.0570710960666989,0.00128087973799629,0.00104455050189964
"292",0.3,8,900,1,1,1,1.62038050033226,2.11893973355149,1.49458860810295,0.035780444916062,0.000827385793663553,0.000693733570310756
"293",0.3,8,1100,1,1,1,1.31059402859336,1.66720498994887,1.65880840836095,0.0273447794799494,0.000611666025548936,0.000588330916672449
"294",0.3,8,1300,1,1,1,1.19897765177864,1.45716212969204,1.26549100873537,0.029680873392434,0.000680850417283649,0.000555393167754322
"295",0.3,10,100,1,1,1,2.74928906774049,6.44862243367625,4.16348661748946,0.0595315335173243,0.00260703141668918,0.00223991727566835
"296",0.3,10,300,1,1,1,3.16692670312573,2.76566202686638,2.45394282553039,0.0653761530481977,0.0014049760821353,0.00106646987255006
"297",0.3,10,500,1,1,1,2.26946914566475,2.96448135676211,2.43699990541747,0.0487848084880136,0.00152624423476202,0.00131281786004218
"298",0.3,10,700,1,1,1,1.48111086378671,1.55032385979025,1.673401554678,0.0290752783218307,0.000599392265918842,0.00066218785214728
"299",0.3,10,900,1,1,1,1.43997939260265,1.50970538019829,1.48724555877189,0.0345919271108724,0.000745578173850881,0.000628029675620202
"300",0.3,10,1100,1,1,1,1.0530629018443,1.61210084282045,1.42916339303664,0.0213950335598618,0.000773215892127886,0.000469233545855301
"301",0.3,10,1300,1,1,1,0.920870236590038,1.59427870873733,1.06726501556904,0.0215498711674429,0.000690955863474389,0.000560228130628949
"302",0.3,12,100,1,1,1,2.55008508656912,4.43220419020996,1.98668762143974,0.0513101795656391,0.00197049997441011,0.00100158962068764
"303",0.3,12,300,1,1,1,1.77250285025239,2.81684460783744,1.68259766658,0.027492365167076,0.00114755445021632,0.000575865422644818
"304",0.3,12,500,1,1,1,1.30487584533088,1.99220506868151,0.937162511805378,0.0376379472493117,0.00091088733158001,0.000351400036289903
"305",0.3,12,700,1,1,1,1.22447471183204,1.64430626804073,0.88731229466893,0.024262616615256,0.000729721148074083,0.000362088682077567
"306",0.3,12,900,1,1,1,0.834260799101822,1.74917870135241,0.834536853897503,0.0204159677333629,0.000705638127869788,0.000339691736410564
"307",0.3,12,1100,1,1,1,1.06347788763644,1.45109550991946,0.794617064332531,0.017993123735368,0.000692522521251806,0.000273880029721642
"308",0.3,12,1300,1,1,1,0.984821949460902,1.31537680279941,0.590043055983715,0.0166425911840805,0.000503476036075261,0.000268648901464134
"309",0.3,14,100,1,1,1,1.85302032493926,3.78412341138881,2.28074911748909,0.0408541216367791,0.00175850590646987,0.00087789502412974
"310",0.3,14,300,1,1,1,1.45264965900037,2.7415142184546,1.26046019244656,0.0281561576077719,0.00130285663715772,0.000627585158316103
"311",0.3,14,500,1,1,1,0.973890298009846,1.61969505064584,1.06755180598182,0.0240918316246895,0.000901626559573238,0.000409983254556694
"312",0.3,14,700,1,1,1,1.06500181675585,2.02679302883627,0.921223100365276,0.0206624016405933,0.000752925923383314,0.000315263892295608
"313",0.3,14,900,1,1,1,0.687566579949398,1.74957545669493,0.81882912621003,0.0155523451611816,0.000821878066991922,0.000274598160474953
"314",0.3,14,1100,1,1,1,0.766609059683669,1.64146191599831,0.562210511790223,0.0159052652772076,0.000550280467340055,0.0002323922697359
"315",0.3,14,1300,1,1,1,0.638725163416623,1.33384901359959,0.633896095208404,0.012994656661444,0.000617350576601466,0.000277526328745675
"316",0.3,16,100,1,1,1,2.07629264849592,3.46346685200276,1.37993371702193,0.0382300523386907,0.0014832389630885,0.00059863424000053
"317",0.3,16,300,1,1,1,0.84369082805388,1.85129913158138,0.719396503616261,0.0171899259914264,0.000682415098783653,0.000304851619596842
"318",0.3,16,500,1,1,1,1.35240854338625,1.86128721621235,0.773628892301861,0.0218962022367793,0.000817458446894994,0.000333162946251784
"319",0.3,16,700,1,1,1,0.929613589937524,1.75041184378394,0.604883714577106,0.0174054377380513,0.000714194283750362,0.000210768976311366
"320",0.3,16,900,1,1,1,0.66141274005521,1.15468265038658,0.422905441954771,0.0155613483297282,0.00047418211027642,0.000236224955628885
"321",0.3,16,1100,1,1,1,0.578294284083929,1.1249838043962,0.306685874445907,0.0116563666547439,0.000466665583204716,0.000139636927021379
"322",0.3,16,1300,1,1,1,0.564945612028119,1.41184237352218,0.385860984360291,0.0108565232352258,0.000495702683240938,0.000156414582729785
"323",0.3,18,100,1,1,1,1.77066556067124,4.55337893281498,1.53398251264953,0.0389293062501235,0.00148004439838605,0.000789652943025162
"324",0.3,18,300,1,1,1,0.947781672014192,1.94487858104746,0.717197569110153,0.0225784892277323,0.000865564468953798,0.000340239184529047
"325",0.3,18,500,1,1,1,0.737701922317134,1.89420383945299,0.839132439729101,0.0150067812163111,0.000599101386447453,0.000325794628397446
"326",0.3,18,700,1,1,1,0.633159666375563,1.61719736015312,0.473793510692033,0.014294494892502,0.000509636584609483,0.000238098693037759
"327",0.3,18,900,1,1,1,0.517642127779875,1.27700981034028,0.442059867812189,0.00941683764408457,0.000473584055300386,0.000177879459386119
"328",0.3,18,1100,1,1,1,0.357790354432343,1.03942709668536,0.499576555507192,0.00744922385656316,0.000565107120931651,0.000146515887784952
"329",0.3,18,1300,1,1,1,0.299388102797261,0.998240047074036,0.442383759809272,0.00730171535298665,0.000404828126308282,0.000170018275250766
"330",0.3,20,100,1,1,1,1.30517334695842,3.41069057933475,0.975842211107667,0.0302884292026754,0.00141506188118001,0.000469867028659227
"331",0.3,20,300,1,1,1,0.896292870653199,1.8651804630887,0.464952757761902,0.0220547244089664,0.000901048442277716,0.000249341031262671
"332",0.3,20,500,1,1,1,0.526529996568729,1.65602745987898,0.630777702255931,0.0118204654700036,0.000639075198116326,0.000243424543169052
"333",0.3,20,700,1,1,1,0.549059541560714,1.06704789339761,0.461288828210994,0.0115948192260268,0.000484265360152613,0.000179035493640077
"334",0.3,20,900,1,1,1,0.563607605446581,1.73722932131916,0.400570721861781,0.010358294652995,0.000572701044698404,0.000199288855240945
"335",0.3,20,1100,1,1,1,0.453909911451953,1.08903860962904,0.339378620322337,0.00967047102795523,0.000466907917389479,0.000136015234125277
"336",0.3,20,1300,1,1,1,0.409724809462874,1.16949458147067,0.347972038940772,0.0069889740932438,0.000441232006837849,0.000169073536119601
